33512
4835
4785
6559
6088
57556
10629
7305
9916
8885
8126
4958
4785
9863
10261
9491
10104
10911
9044
10700
9757
8965
5701
5280
5323
5290
5230
4896
5185
10612
7619
8172
9166
8656
10123
9522
9714
9615
6248
8773
5253
6045
6359
6283
5622
7806
5824
6774
6141
9112
11395
9687
6250
5288
6226
6628
5967
8323
8429
6373
7537
9194
16536
8687
4992
8277
8232
6485
4858
4899
5074
4871
4742
4833
10110
9190
8984
10554
11525
9841
10092
7878
9769
4973
4946
5489
4880
7874
9738
9214
8600
9593
8856
8394
10332
10487
10674
6277
5150
4823
6045
5322
4844
10500
9836
9238
8046
8132
9263
8562
9405
10514
9396
10481
4840
4904
6004
4958
5558
4817
4936
6603
10113
10857
10414
9417
10027
10054
10337
9574
10084
5411
4992
5150
5147
4973
5288
9354
10287
9790
10681
4878
5584
4804
10729
9835
10128
8707
9798
11188
10160
10884
5984
4756
4666
4846
4909
5357
10010
10322
10425
6936
8588
10118
10685
9581
10217
5282
4727
5471
4808
5063
8134
8586
9836
10101
10003
10399
5109
4850
6955
7697
10463
8986
9780
5201
5154
5009
4832
9789
9297
9488
10081
10742
5133
4898
5027
4851
5189
4662
10326
9784
10123
8298
9434
10214
4769
4796
5241
4649
4971
5021
4881
4656
10288
10190
10074
10293
10155
9626
10012
8930
7826
6097
4817
9041
9915
9241
10115
13443
9733
9233
9026
9966
10725
4959
4809
5690
5457
5136
4824
5273
10140
10677
9202
10112
9658
10203
10344
10219
9805
9145
8962
4789
5415
4893
5754
4900
5064
7258
10240
8949
9504
10185
10367
10577
10296
8964
10158
8126
9840
4717
4712
4754
4771
4772
5518
9275
9812
9326
8475
9705
8234
9908
10197
9953
10068
9386
9699
5168
4824
4895
4822
9500
10258
8707
9229
10287
10253
10201
9318
4979
4759
4642
4690
5093
9158
9640
10622
4879
4807
4673
10996
8586
10206
10331
10264
4742
4621
5203
4759
4759
5910
8725
8697
8334
10234
9667
6092
10509
9795
8585
9891
4798
5262
4814
5990
4702
9428
10127
9938
9425
9291
7456
8926
10076
9173
9871
10198
5372
5651
5243
5584
9564
8336
10247
7783
9238
8734
7936
9865
8679
4860
5022
4930
4839
10275
10000
8486
9931
5020
10145
10311
8713
10555
8756
8997
9560
9683
10110
4965
4722
4912
5043
10284
8775
9682
9701
10273
10157
9926
10151
10435
10260
4822
5453
4959
9762
9976
10017
9965
11942
9912
8395
10420
9194
4870
4831
5213
8728
10131
10315
8322
10250
11950
10202
6711
5307
5031
4956
8773
10849
10026
9895
9994
10461
4864
5163
4761
5360
5969
9696
10006
9788
9697
9947
9592
9514
8021
9973
5096
4786
4825
7893
9748
9043
9633
9511
10664
9763
9671
10079
10644
4753
6094
5204
9383
8903
10204
9981
10518
9463
8752
5197
5021
4824
4941
9757
11191
8924
9252
9990
8820
9797
9409
4698
4749
9783
10217
10638
9855
9284
8804
10077
7937
4808
4818
8456
9871
8648
10025
9565
9847
9942
9957
9989
9255
9533
9384
4835
9569
4891
4756
4817
8600
10260
9501
9423
9217
8958
9025
10168
5530
5217
4877
5188
9856
8163
9224
10013
9601
9731
10223
4742
5223
4786
4891
4900
5000
5083
9915
10261
10182
11007
9275
8556
9977
9394
10743
4970
4807
4689
4932
4766
4982
10608
10160
8879
10379
10063
9601
10063
7525
10111
8902
9881
4829
5759
4991
4776
4782
5017
8673
9135
9660
9949
9519
8469
9942
8645
4728
5153
5100
5095
5094
6732
10047
10690
10224
8278
10452
10324
9316
7544
11159
9260
4730
5162
4885
4899
4991
12008
10269
10306
7335
9614
9336
5292
4897
5099
4788
9917
9235
9958
10144
8720
10887
9809
10135
10383
8980
5108
4775
4913
4879
4935
6376
10092
9669
11027
9699
10008
8629
10182
4711
4704
5002
4848
4938
6803
10607
9807
8914
9986
9623
7086
9446
10097
9973
9564
9205
9002
5136
4927
4715
5013
5126
8374
9764
9342
10137
8233
9931
9189
10377
9067
9387
9670
9094
6511
4729
4658
4882
5046
5213
9152
9003
9916
10486
9831
10309
4802
5259
5273
4718
5015
4912
4827
5851
4765
10208
11054
10225
10169
8950
10075
10277
10068
10182
4746
4936
4787
4757
5347
8775
11601
7782
9676
9580
10149
4686
4689
4818
5137
7530
10359
9009
9042
8551
10308
10220
9632
9407
9763
4893
5010
5678
12516
9517
7277
10589
10779
8864
10127
5127
8923
8211
10481
9689
9081
10381
9888
9985
10079
11087
5125
4637
5440
8917
10248
8412
10361
10214
10043
9881
11268
21888
13860
15769
7776
12798
7759
6671
6161
6332
5450
10585
10455
6549
9220
10041
10307
9863
9303
4926
4869
4886
4687
4823
8215
9985
10559
6119
4813
4784
5287
4858
10389
10037
7679
9595
10304
10373
11018
8210
4799
4733
4931
4843
5035
11223
10622
4819
5474
4885
9800
10045
9439
10028
9098
10361
10988
9556
7785
9629
4822
4711
4724
10458
9833
9424
10134
4556
5232
7938
10282
8656
9746
10915
9384
15956
9543
8836
10204
4720
4791
4840
5121
9162
9578
9650
9777
9645
9476
9444
10280
8695
10026
10097
4642
4930
9802
9997
9385
9910
10818
9240
7943
10094
10006
10562
4751
4949
4832
5360
12739
9059
8541
9850
9269
9718
9204
12975
10620
8409
5007
4771
4951
4909
6702
9435
12060
9011
8036
10233
9795
10783
9951
5049
4690
5055
4731
4839
8406
9588
9038
10251
10434
7891
9805
6170
5427
4846
4776
4797
4658
10326
10691
10191
9881
9049
9541
9634
9895
8506
4848
5130
10449
9673
9940
9908
4736
5112
4851
4717
9971
10505
9841
14054
9759
9698
8658
10701
9837
10597
10308
10549
5076
5621
4933
5051
5447
5027
7941
10022
9952
10526
7844
9830
10367
9209
10113
5837
4982
4615
4760
4804
5172
9713
9738
9606
7471
10146
9099
9533
10140
9624
11880
4688
4618
4769
4680
9465
9254
9540
10780
