371031
9648
10280
15194
10683
13803
31449
11903
20280
19739
14155
9636
10052
22946
20348
20810
19825
20874
22322
20573
18055
21537
11469
10494
10944
25334
10728
9946
10551
11827
14319
17713
19634
20230
18150
18868
19647
13247
13466
14587
14560
14607
13719
12775
11964
11372
13669
12086
13114
22147
15874
16165
10861
10525
10409
13473
13084
15368
14809
13907
21534
17741
19352
18834
14338
12658
15501
21197
9611
10103
10734
10090
9705
9851
20907
19063
21372
19015
20172
21372
19246
19259
20003
10408
9962
9871
9670
20606
19918
20872
18966
21000
21138
19523
20624
19924
20975
10111
9777
12026
10333
10525
9955
17828
19848
21390
20470
21260
19551
20974
21344
18920
23725
18879
9747
12016
9973
10395
12085
9767
11551
18235
20778
21302
20945
21053
20942
21343
19752
19357
21201
9640
10134
11316
10118
11438
10684
21699
19997
19903
21502
9529
10516
10161
20776
21884
21290
21109
19273
20730
21867
33219
9768
10551
10365
9701
9510
9743
20052
22232
20482
19172
21185
22410
20786
19782
18182
10295
9732
9834
9980
10151
20345
20139
20688
21346
22115
16561
10046
10415
16176
20876
16307
18152
19696
9662
10082
10321
10425
20686
21379
20495
21265
10511
10079
9640
9975
9734
10397
14240
20676
19648
20289
10542
20372
23533
9530
9658
9621
9808
10601
9868
9613
16670
27057
20745
19436
21066
20529
20226
19025
21060
20258
9865
9558
22219
21114
21461
21887
20994
20400
19276
20803
21471
21134
9891
9952
10165
10483
9773
10215
10416
22506
22073
21474
20364
20684
20575
21553
19898
20079
20780
20584
14356
10794
10021
11191
10691
10866
20394
20774
21445
20109
20472
20652
20322
18997
20329
20982
22159
10297
9531
10211
9866
9854
9797
9860
20699
21118
19596
20173
20552
20013
20317
21386
20146
21428
20723
10625
10874
9537
9806
10792
22209
20564
20694
20570
20960
20688
21809
21469
9389
9794
9571
9792
16979
21222
19772
19907
9512
9723
11313
20693
19756
19796
20218
18534
10015
9494
10122
9573
9605
20489
20796
23255
13661
20381
12091
18152
20865
19476
21839
10774
9646
10343
10530
9666
10016
20840
20260
23081
20094
20573
24123
20886
19521
20252
20344
23497
10869
11175
9548
13683
18796
21998
20025
20399
20367
24265
20857
20663
17131
9355
10038
9768
9512
19044
20155
21073
20781
9620
19599
20503
20226
23287
20913
21565
20570
20997
21482
9731
11440
9671
9959
18288
21218
22398
20110
21086
20400
19773
20341
19558
12787
10740
10719
12094
20647
21105
25489
20809
20283
20981
18629
20153
11172
9852
9438
11005
18058
20399
21585
21259
21058
20601
20918
9695
9797
9747
10114
19675
20479
20920
19652
19393
21602
9571
9666
9640
10674
20959
20848
20502
20356
20064
20578
20345
20326
20560
14060
9867
10617
10169
20452
21094
21084
20362
20907
20967
20872
21106
21440
17742
9972
9637
13868
28509
21808
22182
19947
21628
19280
11159
9867
9873
9801
9906
20011
22478
20640
20687
20436
20156
20740
21012
9670
10643
22287
20469
21756
20682
20666
21059
19879
20991
9640
9560
20987
22021
18591
20925
21008
21604
19373
21312
27245
20841
19476
16736
17806
15785
9603
9708
10182
20412
21044
19673
20314
20252
19625
19579
20482
10327
9843
9500
9789
20620
20344
20163
20722
20588
20497
21258
9830
10076
10111
10412
10285
9594
9614
20603
21057
19097
21578
19168
21451
22047
18003
21964
9843
9446
9768
9908
10124
16994
24736
17735
18529
20624
22869
23879
23381
21131
20872
21084
20274
10506
10327
11854
9535
9881
17022
20373
22103
20772
20801
20539
20219
20895
20783
10408
9481
10166
10457
9595
19914
20686
21091
20595
18530
22061
21119
19394
23062
20167
11244
9951
9634
9604
10211
14850
21109
20575
21110
20557
20588
13861
9844
9633
9958
10527
20326
19972
22537
21466
20976
20516
21434
20584
20942
17407
11808
10266
9767
9876
9624
20649
20988
20876
21362
20280
20241
20035
19653
9448
11199
9848
9715
10368
21310
20606
21021
20467
21062
19590
18337
20763
20198
19768
20512
20004
20374
10115
9890
9839
9693
16979
21089
20620
22239
20641
20136
20787
21106
21942
20703
20640
20974
21572
10896
9680
10477
9586
10161
9770
18718
20788
21131
20558
21384
20873
9691
9804
10479
10948
10153
9910
10438
10543
16288
21179
19493
20733
20524
21712
20732
20543
20887
21450
9790
10515
10037
9566
23891
20996
20564
20538
19809
21232
21683
9350
9650
9510
10164
20354
21323
20417
21155
21109
20297
20387
20763
21072
11996
9797
9777
10130
20458
20944
20707
21046
19751
20987
21985
20721
20751
19881
20409
21247
19698
21306
20529
25219
19615
12821
10752
9566
11126
20611
20898
21562
20341
19431
19848
19962
21267
33146
16513
12091
18948
27178
12256
13929
12719
11809
12036
20932
20096
20848
24496
19760
20442
19796
12930
11142
9549
9666
9583
10034
19795
20542
21520
10223
10042
10822
9677
9428
20526
20821
21412
19840
22155
20598
22089
16511
9600
10070
10031
10966
9966
14545
24958
10467
10319
9629
19080
20714
18214
21173
21398
19905
20874
19964
19639
21217
9557
9743
9728
20411
19975
19666
22649
10488
9849
20146
20391
21263
22692
21069
21947
20936
19925
20880
20844
9774
10049
10030
10093
20950
19900
21633
20980
20506
20582
26206
19559
20525
20689
20328
9812
9858
20562
19943
18909
20102
21131
21038
21358
21454
32739
16920
9351
10352
9868
9805
18967
20935
22269
19322
20216
20671
21179
22042
21399
20581
11334
10396
10374
9959
28849
21676
20717
19852
20377
21594
21048
19645
23064
9845
9464
10633
9628
10480
21694
22519
22658
20994
19793
22201
20096
9864
9694
9568
9976
9848
9605
21208
26442
20476
29679
20578
20153
20413
20427
22452
9866
13602
20625
19784
20705
21336
9734
10440
9681
9619
21103
16971
21222
19798
20258
21761
21106
19504
21349
22153
20051
12188
9718
9564
10040
10042
10906
11077
20582
20937
22632
20045
24642
21897
22842
22924
18867
10435
10301
10275
9563
9794
9491
20672
20654
19997
20654
20506
21004
20793
21226
20450
10963
11121
9601
9920
9845
21522
17589
20549
50091
24549
